0x0 2 15 31 15
0x1 1 15 14 31
0x3 2 15 31 15
0x4 1 15 1 31
0x5 2 31 15 15
0x6 2 15 31 15
0x7 1 15 31 31
0x8 3 31 31 31
0x9 0 15 31 1
0xa 2 15 31 15
0xb 2 31 1 1
0xc 0 1 31 3
0xd 3 31 31 31
0xe 2 15 31 15
0xf 1 15 31 31
0x10 3 31 31 31
0x11 2 15 31 15
0x12 1 15 31 31
0x13 3 31 31 31
0x14 2 15 31 15
0x15 1 15 31 31
0x16 3 31 31 31
0x17 0 15 31 0
0x18 2 15 31 15
0x19 0 15 31 1
0x1a 2 15 31 15
0x1c 0 15 31 14
0x1d 2 15 31 15
0x1e 0 15 31 6
0x1f 2 15 31 15
0x20 3 6 31 31
0x21 0 31 31 18
0x22 2 15 31 15
0x23 1 15 18 31
0x24 0 31 31 18
0x25 3 18 31 31
0x26 0 0 31 18
0x27 2 0 18 18
0x28 1 0 18 31
0x29 0 31 31 18
0x2a 3 18 31 31
0x2b 2 15 31 15
0x2c 1 15 31 31
0x2d 3 31 31 31
0x2e 0 31 31 18
0x2f 3 18 31 31
0x30 2 15 31 15
0x31 1 15 31 31
0x32 3 31 31 31
0x33 0 31 31 18
0x34 3 18 31 31
0x35 2 15 31 15
0x36 1 15 31 31
0x37 3 31 31 31
0x38 0 31 31 18
0x39 3 18 31 31
0x3a 2 15 31 15
0x3b 1 15 31 31
0x3c 3 31 31 31
0x3d 0 31 31 18
0x3e 3 18 31 31
0x3f 2 15 31 15
0x40 1 15 31 31
0x41 3 31 31 31
0x42 0 31 31 18
0x43 3 18 31 31
0x44 2 15 31 15
0x45 1 15 31 31
0x46 3 31 31 31
0x47 2 14 14 14
0x48 0 15 31 12
0x49 2 15 31 15
0x4b 2 31 15 15
0x4c 2 15 31 15
0x4d 1 15 0 31
0x4e 2 15 31 15
0x4f 1 15 15 31
0x50 2 15 31 15
0x51 1 15 3 31
0x52 2 15 31 15
0x53 1 15 31 31
0x54 2 15 31 15
0x55 1 15 31 31
0x56 2 15 31 15
0x57 1 15 2 31
0x58 2 15 31 15
0x59 1 15 12 31
0x5a 2 15 31 15
0x5b 1 15 31 31
0x5c 2 15 31 15
0x5d 1 15 31 31
0x5e 3 31 31 31
0x5f 2 15 31 15
0x60 1 15 14 31
0x62 2 15 31 15
0x63 1 15 1 31
0x64 2 31 15 15
0x65 3 31 31 31
0x66 0 31 31 0
0x68 2 31 1 1
0x69 2 31 1 1
0x6a 2 31 1 1
0x6b 3 31 31 31
0x6d 2 31 0 0
0x6e 1 31 0 31
0x6f 2 0 31 18
0x70 2 15 31 15
0x71 1 15 31 31
0x72 0 18 31 18
0x73 3 18 31 31
0x74 0 31 31 0
0x75 3 31 31 31
0x76 1 31 31 31
0x77 2 31 15 15
0x78 0 15 31 1
0x79 2 15 31 15
0x7a 0 15 31 14
0x7b 2 15 31 15
0x7c 0 15 31 6
0x7d 2 15 31 15
0x7e 3 6 31 31
0x81 2 15 31 15
0x82 1 15 14 31
0x84 2 31 15 15
0x85 0 31 31 0
0x86 3 31 31 31
0x88 3 31 31 31
0x89 1 15 31 31
0x8a 2 15 31 15
0x8b 1 15 31 31
0x8c 3 0 31 31
0x8e 0 15 31 14
0x8f 2 15 31 15
0x90 0 15 31 6
0x91 2 15 31 15
0x92 3 6 31 31
0x93 2 15 31 15
0x94 1 15 14 31
0x96 2 31 15 15
0x97 0 14 31 0
0x98 2 31 0 0
0x99 1 15 0 31
0x9a 1 15 31 31
0x9b 0 14 31 0
0x9c 1 15 0 31
0x9d 2 15 31 15
0x9e 1 15 31 31
0x9f 3 31 31 31
0xa1 0 15 31 14
0xa2 2 15 31 15
0xa3 0 15 31 6
0xa4 2 15 31 15
0xa5 3 6 31 31
0xa6 2 15 31 15
0xa7 1 15 14 31
0xa9 2 31 15 15
0xaa 0 14 31 0
0xab 1 14 0 31
0xac 0 14 31 0
0xad 1 14 0 31
0xae 0 14 31 0
0xaf 2 31 0 0
0xb0 0 14 31 18
0xb1 2 18 0 0
0xb2 0 0 31 0
0xb3 1 14 0 31
0xb4 3 31 31 31
0xb5 0 14 31 18
0xb6 2 31 18 18
0xb7 1 14 18 31
0xb8 3 31 31 31
0xb9 0 14 31 0
0xba 2 31 0 0
0xbb 0 14 31 18
0xbc 2 18 0 0
0xbd 0 0 31 0
0xbe 3 31 31 31
0xbf 0 14 31 0
0xc0 3 31 31 31
0xc1 0 14 31 0
0xc2 3 31 31 31
0xc3 0 14 31 0
0xc4 2 31 0 0
0xc5 0 14 31 18
0xc6 2 18 0 0
0xc7 0 14 31 3
0xc8 2 31 3 3
0xc9 0 14 31 18
0xca 2 18 3 3
0xcb 0 3 31 3
0xcc 1 0 3 31
0xcd 0 14 31 18
0xce 2 31 18 18
0xcf 1 14 18 31
0xd0 3 31 31 31
0xd1 0 14 31 18
0xd2 2 31 18 18
0xd3 1 14 18 31
0xd4 3 31 31 31
0xd5 0 14 31 0
0xd6 2 31 0 0
0xd7 0 14 31 18
0xd8 2 18 0 0
0xd9 0 0 31 0
0xda 3 31 31 31
0xdb 0 14 31 0
0xdc 3 31 31 31
0xdd 0 14 31 0
0xde 3 31 31 31
0xdf 0 14 31 0
0xe0 2 31 0 0
0xe1 0 14 31 18
0xe2 2 18 0 0
0xe3 0 14 31 3
0xe4 2 31 3 3
0xe5 0 14 31 18
0xe6 2 18 3 3
0xe7 0 3 31 3
0xe8 1 0 3 31
0xe9 0 14 31 18
0xea 2 31 18 18
0xeb 1 14 18 31
0xec 0 14 31 0
0xed 3 31 31 31
0xee 0 14 31 0
0xef 2 31 0 0
0xf0 0 14 31 18
0xf1 2 18 0 0
0xf2 0 14 31 3
0xf3 1 0 3 31
0xf4 0 14 31 0
0xf5 1 14 0 31
0xf6 0 14 31 0
0xf7 1 14 0 31
0xf8 0 14 31 0
0xf9 1 14 0 31
0xfa 0 14 31 0
0xfb 3 31 31 31
0xfc 0 14 31 0
0xfd 2 31 0 0
0xfe 1 15 0 31
0xff 0 14 31 0
0x100 1 15 0 31
0x101 0 14 31 0
0x102 1 15 0 31
0x103 2 15 31 15
0x104 1 15 31 31
0x105 3 31 31 31
0x106 0 14 31 0
0x107 3 31 31 31
0x108 0 14 31 0
0x109 2 0 31 3
0x10a 0 14 31 0
0x10b 1 15 0 31
0x10c 1 15 3 31
0x10d 0 14 31 0
0x10e 1 15 0 31
0x10f 2 15 31 15
0x110 1 15 31 31
0x111 3 31 31 31
0x113 0 15 31 14
0x114 2 15 31 15
0x115 0 15 31 6
0x116 2 15 31 15
0x117 3 6 31 31
0x118 2 15 31 15
0x119 1 15 14 31
0x11b 2 31 15 15
0x11c 2 31 15 15
0x11d 2 15 31 0
0x120 1 15 2 31
0x121 1 15 3 31
0x122 1 15 0 31
0x123 2 15 31 15
0x124 1 15 31 31
0x125 3 31 31 31
0x126 3 31 31 31
0x128 1 15 0 31
0x129 2 15 31 15
0x12a 1 15 31 31
0x12b 3 31 31 31
0x12c 1 15 31 31
0x12d 2 15 31 15
0x12e 1 15 31 31
0x12f 3 31 31 31
0x130 0 14 31 0
0x131 2 31 0 0
0x132 0 0 31 0
0x133 1 15 0 31
0x134 2 15 31 15
0x135 1 15 31 31
0x136 3 31 31 31
0x137 1 15 0 31
0x138 0 15 31 0
0x139 1 15 0 31
0x13a 2 15 31 0
0x13b 1 15 0 31
0x13c 2 15 31 15
0x13d 1 15 31 31
0x13e 3 31 31 31
0x13f 0 15 31 3
0x141 1 15 3 31
0x142 1 15 0 31
0x143 2 15 31 15
0x144 1 15 31 31
0x145 3 31 31 31
0x148 0 15 31 14
0x149 2 15 31 15
0x14a 0 15 31 6
0x14b 2 15 31 15
0x14c 3 6 31 31
0x14d 2 15 31 15
0x14e 1 15 14 31
0x150 0 15 31 14
0x151 2 15 31 15
0x152 0 15 31 6
0x153 2 15 31 15
0x154 3 6 31 31
0x157 2 15 31 15
0x158 1 15 14 31
0x15a 2 15 31 15
0x15b 1 15 13 31
0x15c 2 15 31 15
0x15d 1 15 12 31
0x15e 2 15 31 15
0x15f 1 15 1 31
0x160 2 15 31 15
0x161 1 15 31 31
0x162 3 31 31 31
0x163 2 31 1 1
0x164 2 31 15 15
0x165 2 15 31 15
0x166 1 15 31 31
0x167 3 31 31 31
0x168 2 1 31 13
0x169 2 1 31 0
0x16a 2 0 13 13
0x16b 2 31 13 13
0x16c 3 31 31 31
0x16d 2 12 12 12
0x16e 0 14 31 0
0x16f 1 15 0 31
0x170 0 14 31 0
0x171 1 15 0 31
0x172 0 14 31 0
0x173 1 15 0 31
0x174 2 12 31 18
0x175 2 15 31 15
0x176 1 15 31 31
0x177 0 1 31 18
0x178 3 18 31 31
0x179 2 31 12 12
0x17a 3 31 31 31
0x17b 2 31 15 15
0x17c 0 15 31 1
0x17d 2 15 31 15
0x17e 0 15 31 12
0x17f 2 15 31 15
0x180 0 15 31 13
0x181 2 15 31 15
0x182 0 15 31 14
0x183 2 15 31 15
0x184 0 15 31 6
0x185 2 15 31 15
0x186 3 6 31 31
0x187 0 15 31 1
0x188 0 15 31 6
0x189 2 15 31 15
0x18a 3 6 31 31
0x18b 2 15 31 15
0x18c 1 15 14 31
0x18e 2 15 31 15
0x18f 1 15 1 31
0x190 2 31 15 15
0x191 0 31 31 0
0x192 3 31 31 31
0x195 2 31 1 1
0x196 2 15 31 15
0x197 1 15 31 31
0x198 3 0 31 31
0x199 0 1 31 0
0x19a 3 31 31 31
0x19b 2 31 15 15
0x19c 0 15 31 1
0x19d 2 15 31 15
0x19e 0 15 31 14
0x19f 2 15 31 15
0x1a0 0 15 31 6
0x1a1 2 15 31 15
0x1a2 3 6 31 31
0x1a3 2 15 31 15
0x1a4 1 15 14 31
0x1a6 2 15 31 15
0x1a7 1 15 1 31
0x1a8 2 31 15 15
0x1a9 2 15 31 15
0x1aa 1 15 31 31
0x1ab 3 31 31 31
0x1ac 0 15 31 1
0x1ad 2 15 31 15
0x1ae 2 31 1 1
0x1af 2 15 31 15
0x1b0 1 15 31 31
0x1b1 3 31 31 31
0x1b2 0 15 31 2
0x1b3 2 15 31 15
0x1b4 0 15 31 1
0x1b5 2 15 31 15
0x1b7 0 15 31 14
0x1b8 2 15 31 15
0x1b9 0 15 31 6
0x1ba 2 15 31 15
0x1bb 3 6 31 31
